623.935303 405.650116 0.413166 0.311294 113761.460938
685.232727 504.380310 21.015575 -12.579409 111.308212
407.533600 428.844849 3.009720 17.052235 173.409958
36127.035156 -16119.588867 18.731684 -8.515116 159.099503
-648014.812500 -357320.031250 -344.782379 -190.079300 191.520782
20395.253906 -15386.398438 17.925926 -14.485408 170.696487
529.724487 -67.186890 12.233196 -4.493134 148.130722
335.870636 -229.634521 -7.734347 4.049545 194.170151
1496.749756 575.072144 3.093811 -8.165665 103.165443
1110.048462 12.576669 -7.364843 -8.168674 185.938095
1726.834229 1382.888794 3.757380 -4.944926 173.760864
2152.429199 -376.852844 -3.105601 -5.357120 101.283791
-3019.013184 -2198.924072 -3.555253 2.153716 112.451584
1091.668335 1393.072144 7.202999 -4.156044 191.232452
455.369629 2119.618652 5.666980 0.653894 118.881142
64.516884 -434.976501 -6.485042 4.127123 192.330658
-13039.819336 -42478.039062 -10.979308 -35.928455 162.024399
1894.182983 -623.050598 -3.966563 -4.225783 128.995697
-20179.138672 24168.457031 -7.468749 9.658534 104.166557
1283.434204 -2373.511475 -4.611986 -3.334509 160.375519
2013.422729 1363.813843 3.423812 -5.793624 166.316452
5533.023438 48462.960938 5.387451 43.463299 149.151031
2529.229492 2677.390137 4.536427 -2.722540 123.266533
-287.176147 1143.124756 3.425774 7.504322 119.349258
-979.493530 2076.466553 4.723207 3.611580 172.973022
2737.943115 1921.285156 2.905028 -4.098591 170.565781
72.495499 -1619.464844 -5.190933 1.436994 180.622543
3633.004883 7256.213379 2.596705 -0.008698 127.991821
-3060.590820 -2169.985352 -1.014357 2.560873 197.010681
-3573.658203 1221.569092 0.734907 3.997218 136.456161
28774.142578 -18164.316406 12.164351 -8.490477 111.608902
-2105.274658 3596.001709 3.313648 2.359629 117.057335
3402.084473 -589.343384 -2.197377 -4.194487 164.109695
-4528.316895 -2362.537842 -2.412379 2.467212 126.175911
2792.108643 2714.712158 3.056841 -3.411127 162.355515
-1858.108398 -835.014893 -2.347730 4.593874 164.169266
-1856.519531 2543.032471 3.407487 2.221979 102.313652
-2943.457031 183.356155 0.001931 4.745458 124.919418
3196.010498 -702.539246 -1.584007 -4.621958 126.156708
2856.666992 3398.426025 4.056626 -1.805674 109.190971
-1030.248413 -1745.681030 -4.041556 2.704932 159.960312
-2383.165283 4555.900391 2.446383 3.271644 152.225586
1075.996704 -3082.875000 -4.465505 -0.234731 187.270584
-5126.150391 1553.643677 -0.948078 3.464624 177.546890
607.988037 79.874420 -16.252831 9.917623 114.286964
-376.460846 5631.501953 3.248800 1.157320 116.371933
2673.537842 3450.432129 4.068984 -2.826840 176.132477
2644.100342 -975.670898 3.835047 -4.296858 155.592972
-1447.412720 -7169.556152 -3.234281 -0.818646 183.749146
427.616211 -2638.571289 -4.090821 -1.186646 164.767548
2342.708252 -2455.491943 -3.884137 -2.521466 159.023682
1108.799805 -3411.179688 -3.897779 -1.125260 132.834000
-2911.038086 4576.839844 2.943291 2.753194 135.349548
3734.609131 2220.512451 2.024591 -4.162087 189.836853
-17233.830078 -5902.518555 -7.205173 0.062475 115.645157
-5444.640137 -2729.333252 -0.959194 2.293621 185.747498
-3964.554199 -5509.855957 -3.227076 1.110211 170.709641
4622.613281 -2568.446289 -2.031275 -3.020575 151.154114
-4926.460449 629.172485 0.363101 3.942611 155.072769
2993.604492 4462.155762 3.299268 -2.391437 179.476257
-3121.687500 4072.927246 3.160767 2.926049 160.820755
3408.614990 2239.150635 1.818292 -4.499814 110.715172
1433.156250 -4057.106201 -3.938485 -0.328327 146.216827
-495.307892 5498.762695 4.322149 0.232210 131.435425
4592.642090 -4622.439453 -2.324657 -2.258632 192.546860
-5015.332520 -2644.728271 -3.024286 3.220820 191.906662
4295.026855 1637.820923 0.147138 -4.334639 193.684067
3958.766602 3386.086182 1.658556 -3.684241 100.192749
5718.452637 802.177063 -0.277173 -3.588616 136.352112
-5533.031738 -2294.891357 -1.700747 3.277244 128.318878
-2698.550049 -6661.147461 -3.075518 0.833974 185.284012
3791.419434 4903.350586 2.198245 -2.636911 167.207840
6430.911133 -2166.641113 -1.188040 -3.095087 126.315933
-4116.324219 -4323.955566 -2.373218 2.488860 149.878876
-6390.274902 -355.799683 0.011745 3.400642 115.443581
-1594.886475 7733.782227 2.780653 0.264811 137.296982
-3984.209717 -5776.136230 -2.738216 2.221213 131.811035
-5064.074707 -2639.335205 -0.189343 3.947985 175.118210
6164.802734 3388.462402 1.289023 -3.069894 122.811478
-5244.938965 5687.843750 1.915960 2.392841 158.639984
-51158.230469 138975.468750 -11.876877 38.056171 147.371277
39854.734375 -115540.984375 13.169508 -31.949306 148.029037
-2073.430664 -7085.950195 -3.234689 1.130790 193.447266
-7433.267578 282.856140 0.415199 3.091186 118.975510
3154.165771 6126.199219 3.030521 -2.167515 114.450638
11064.661133 -36455.531250 0.609024 -11.628387 195.517792
-5490.414551 5652.492188 2.717661 1.734652 147.924469
6870.894043 -2360.276367 -1.978810 -2.066650 142.380310
5131.969238 -7708.869141 -2.109215 -2.204003 130.039429
7867.755371 2483.662842 0.517130 -2.936610 165.974564
6436.761230 4675.297852 1.367073 -2.853169 129.662003
512.030029 18025.679688 -3.086014 5.590177 181.922485
2997.956787 -6433.091797 -3.025000 -0.471812 133.471191
-3034.706299 7258.212402 2.919403 0.493141 130.524918
8914.938477 -2018.052856 -1.031911 -3.089720 104.519127
8345.074219 -1411.171509 -0.875591 -2.740711 148.000656
-3911.553223 8452.422852 2.529244 0.958152 152.876190
-6665.010742 5547.739746 2.281478 2.147611 112.829788
26513.076172 -5609.625488 8.246492 1.265442 128.054214
-20148.158203 19454.345703 -7.922852 12.763854 134.901566
9287.954102 -1767.087524 -0.706933 -2.741673 161.690750
4813.185059 -7860.519043 -2.614769 -0.964132 193.705765
-7783.520020 -8355.992188 -2.167153 1.400373 198.154449
-8334.557617 -7914.754883 -2.412651 1.270908 101.352737
-24727.560547 -14486.444336 -11.465265 -1.995903 153.179520
3368.341309 -9041.997070 -2.490332 -0.476815 169.078354
-6588.743652 7953.436035 2.190423 1.797546 186.346237
-5125.446777 7922.107910 2.560770 1.110368 136.794220
484.744446 -25824.236328 -0.144003 -7.341609 195.540497
-9481.394531 -4167.689941 -0.972461 2.506613 185.396545
3806.191406 -10130.003906 -2.454806 -0.905438 165.002365
5435.208496 -7748.959961 -2.709838 -1.129463 181.729202
-270.642395 10470.324219 2.591833 -0.304831 183.606125
10061.130859 -3333.302002 -1.175758 -2.319931 164.080383
3780.603271 14261.898438 3.155854 6.452958 142.127502
9078.801758 -5928.125488 -1.651531 -2.085779 132.198090
-6330.392090 -8842.092773 -2.272228 1.706851 129.809967
-11010.702148 -3440.563721 -0.555494 2.176236 182.887589
2306.771484 -35909.843750 -0.700060 -7.227003 133.811249
2948.362549 10960.687500 2.469473 -0.911328 112.620407
-5878.267090 9478.309570 2.246142 0.818472 185.289597
-8626.168945 7126.720215 1.934636 1.880874 181.480865
-11398.290039 5220.360352 0.926029 2.533710 183.116669
-12453.324219 183.874283 -0.208088 3.127956 123.668198
10365.254883 6423.297363 1.082003 -2.062559 133.660400
-7577.979492 8967.316406 2.124326 1.367189 117.612389
-12365.864258 34.098843 0.116686 2.122811 123.524811
11952.167969 1437.063965 -0.068289 -2.386127 104.273872
-12221.947266 803.996460 0.435476 2.018197 172.689346
4154.756836 -11966.922852 -2.296734 -0.679353 156.825455
2149.405518 -12171.875977 -2.236854 -0.069520 191.583771
-11276.304688 -4615.831055 -0.529020 2.363004 138.655029
5211.891602 11824.500000 2.190010 -1.036441 191.745026
-1837.195557 5168.163574 5.718721 1.891250 149.008163
8836.312500 10081.877930 1.871051 -1.624761 111.797218
8316.531250 10131.366211 1.646490 -1.553884 133.291702
-18664.851562 2904.369141 -1.290885 1.818055 182.569946
-11646.541992 -5912.012695 -0.961776 2.364795 145.978195
12571.100586 4499.745117 0.532878 -2.209839 160.310699
-7618.062988 -11055.375000 -1.721659 1.444022 121.107941
10639.476562 8243.122070 1.155831 -1.943086 113.766464
-9267.982422 9675.817383 1.743434 1.359836 103.288643
-91651.593750 -70725.320312 -20.637154 -17.115911 171.403671
-1109.316772 -14868.717773 -6.093334 -1.568904 101.717690
67456.304688 79545.101562 21.212364 22.289951 158.311081
-6151.421387 12768.580078 2.000624 0.747354 183.311340
-11048.915039 8376.040039 1.685380 1.768330 108.916557
-14234.281250 -2227.395264 -0.212863 2.223214 164.936707
-9813.287109 9816.923828 1.981319 1.285437 134.259369
7627.240234 -12206.034180 0.367454 0.432439 150.695786
9756.527344 10687.047852 1.399612 -1.702301 126.866371
40398.027344 579.221497 7.873196 2.145370 148.060730
-14607.590820 615.771667 0.351870 2.176517 195.759705
-10582.548828 -10482.278320 -1.365923 1.645556 153.079987
41517.945312 -13357.725586 8.841700 -2.398488 143.689758
-14020.798828 4109.651855 0.958779 1.854447 101.249413
-21059.394531 -24837.355469 -10.507217 -5.261602 143.371353
-2496.915527 -15363.228516 -2.086137 0.366409 193.580368
5561.633301 14827.373047 1.814151 -1.238089 156.150360
-30739.128906 -6830.137695 -14.656278 0.284127 103.770653
-5524.958984 -14496.231445 -1.646411 1.014108 193.266708
-15108.857422 -3519.723877 -0.291071 2.278242 116.222290
12315.730469 9827.572266 1.098436 -1.756823 111.292450
-5782.983398 -14821.081055 -2.013755 0.853855 170.222198
-70317.187500 69695.984375 -22.597261 20.417240 142.019714
94386.132812 -100183.304688 21.198214 -24.737358 138.482193
15099.758789 -6295.616211 -0.884344 -1.943845 192.901367
-6878.698730 -14291.785156 -1.436340 1.150002 187.847137
-6.282139 -16458.583984 -2.297291 0.068493 169.297729
-8712.337891 14171.738281 1.924920 1.113296 197.563843
5865.492188 15254.646484 2.131400 -0.641205 193.753418
-84647.320312 -44369.242188 -28.162163 -14.871477 171.632904
7264.395020 -15087.954102 -1.945866 -0.727895 134.490952
-10034.052734 -13700.029297 -1.369538 1.160776 153.731232
14000.385742 -9490.854492 -1.334462 -1.543761 131.071442
7060.772949 15350.222656 1.579897 -1.105785 124.822678
12796.913086 -10987.505859 -1.462582 -1.272212 118.296257
79928.007812 53064.156250 38.856880 24.575603 120.408745
-484.277985 -16648.048828 -0.630609 0.980055 196.096863
17389.355469 -2733.638428 -0.451673 -1.936963 179.619965
-7999.218262 -2225.623047 -11.641389 -14.654642 121.673843
-17428.449219 1146.558472 0.412926 1.778272 149.124863
16095.343750 -7002.322266 -1.091617 -1.708918 110.033737
15473.413086 9521.215820 0.951823 -1.700330 100.160187
-9817.749023 -14511.917969 -1.563625 1.514920 172.584198
-31032.679688 2431.348389 -9.354402 8.297542 170.995529
-17970.201172 45.409981 0.274513 2.094412 196.643570
-1888.239624 18552.556641 1.948156 0.205336 192.899689
-2826.661865 -17848.238281 -1.712865 0.650579 153.344269
27472.099609 30236.052734 14.496177 10.477144 134.127640
134565.062500 65290.710938 54.690414 26.882919 139.020462
4045.237793 -27632.472656 7.222722 -5.819262 161.289459
18797.750000 5469.157227 0.770429 -1.697391 117.156898
18967.660156 1588.930786 0.024563 -1.914940 117.915237
-5242.132812 18496.753906 1.798091 0.390715 133.786682
8216.366211 -17232.695312 -1.776911 -0.613959 106.790932
-143295.156250 -53394.750000 -45.501251 -16.234001 175.410187
-18298.859375 6565.704590 0.749225 1.799716 132.545807
-8709.218750 17734.646484 1.665475 0.777749 166.044937
19397.017578 -781.004517 -0.304167 -1.883150 145.205307
14489.554688 -13238.383789 -1.353141 -1.267809 167.590759
-1657.659424 19363.630859 1.818504 -0.251093 126.954720
-70.164970 -19487.464844 -0.789563 0.523923 194.930084
2640.480713 20070.351562 2.294837 -0.279776 106.007782
-18242.207031 8156.439941 0.910315 1.567392 113.919060
-12224.305664 16268.807617 1.276668 0.785466 149.735367
2426.529297 19868.705078 1.462482 -0.475769 138.279373
19338.373047 5831.167480 0.260784 -1.914681 197.847336
-16217.063477 12754.416992 1.180654 1.397892 148.847992
17978.166016 10163.506836 0.766755 -1.645853 187.378220
11144.773438 17715.044922 1.466308 -0.902079 193.057983
12315.239258 -16872.148438 -1.508305 -0.989044 187.561111
-4739.488770 -20016.470703 -1.667303 0.690627 120.012489
-202.938431 -20599.226562 -2.194999 0.292308 100.445824
-10388.715820 66672.007812 -6.503437 15.270897 129.021317
-18825.199219 -10247.138672 -0.933751 1.686737 178.323166
4202.316895 -20775.062500 -1.842320 -0.184821 119.346893
-8098.775391 19823.904297 1.606195 0.466784 148.736069
-21426.718750 370.454926 0.189445 1.771019 159.390411
44649.621094 -45358.093750 11.229402 -20.908878 104.654144
-20506.246094 6462.739746 0.764677 1.652054 118.654930
21010.367188 5031.596191 0.135886 -1.736223 140.413223
-19677.878906 -9562.896484 -0.552229 1.550757 131.218506
11124.466797 18374.041016 1.420396 -1.378005 108.227646
17525.880859 -13223.468750 -1.255471 -1.373376 189.355911
14951.847656 16114.706055 1.081274 -1.285566 108.389961
-1005.980164 -21795.142578 -1.677047 0.458915 172.120743
-11453.962891 19363.720703 1.547240 0.787704 155.958420
-19398.996094 11675.776367 0.985575 1.565219 192.448822
-15471.071289 16796.263672 1.327685 1.225479 147.636887
-512.727051 22539.535156 1.796761 -0.177348 166.727905
22569.750000 2147.581055 -0.055946 -1.737518 117.312637
22567.208984 -3675.260254 -0.430191 -1.778798 126.345818
21288.324219 -8349.437500 -0.799009 -1.498576 188.757507
7636.770508 22001.449219 1.708408 -0.917093 110.555496
2344.214355 22890.845703 1.719433 -0.409208 105.658836
-22486.462891 5027.752930 0.621966 1.682682 123.802910
9034.771484 21455.566406 1.415706 -0.803315 103.267075
-23144.529297 156.481873 0.326687 1.679206 141.898666
14758.745117 -18323.154297 -1.428793 -0.941145 188.545685
-19557.605469 13174.954102 1.077696 1.213630 130.586334
-14710.195312 18664.535156 1.263261 0.743224 161.078598
-17763.759766 -16039.810547 -1.081180 1.346696 167.583588
23203.439453 -5641.675293 -0.594434 -1.642907 170.113815
7539.225586 22650.646484 1.555773 -0.579227 169.115067
-23808.648438 -3408.374268 -0.036111 1.737104 193.608688
-22091.052734 -10042.708008 -0.497498 1.498803 121.917831
11708.695312 21207.027344 1.361478 -1.000927 173.389389
-13616.552734 -41391.890625 -3.463637 -5.313088 196.759430
833.733093 2069.233398 9.913801 7.067489 151.418365
-16949.458984 17742.410156 1.404210 1.055883 142.020340
5300.506348 24069.835938 1.676688 -0.579728 187.220276
-11226.695312 22049.468750 1.597287 0.670344 127.431404
-10759.439453 22585.001953 1.477930 0.468629 193.872208
-21804.275391 12050.692383 1.037777 1.429873 194.770370
-22217.771484 -11723.918945 -0.650484 1.605815 119.481766
