303.438843 -1005.923218 0.259940 -1.115706 139871.515625
371.058105 -921.884460 18.482376 -19.959301 178.416107
199.180054 -1087.451050 -14.063699 22.662411 134.440460
410.565063 -1267.986450 -14.796765 -9.525809 178.125366
556.780701 -1135.980103 -18.936150 -7.034523 110.766701
-6833.480469 -14194.356445 -7.737369 -14.085742 178.659866
1116.424194 -81.118980 7.630689 -2.511345 178.607285
-1336.820190 -3058.292236 -7.743258 -6.505387 132.985565
-197517.984375 1160292.625000 -217.689896 1278.067505 127.848328
1148.443848 245.174545 6.555009 -4.262943 191.037582
61135.656250 -48797.289062 21.415140 -17.313818 116.357521
-224.240585 22528.171875 0.566517 6.888280 196.100555
-310.709991 -1927.431885 -6.243358 5.143714 179.053925
1796.635254 -1527.772949 -2.578357 -6.758008 115.463219
2241.625488 -944.469421 1.238450 -7.480023 120.327400
-176.065445 -415.838318 5.187934 10.335010 185.843613
1628.975586 -2948.288330 -4.222376 -2.507240 119.991562
1689.108032 909.703735 7.930426 -2.250051 141.913910
-6693.184570 7747.824707 -1.400195 3.068472 155.104172
-1805.476807 295.051331 3.171467 4.064167 192.512772
1534.411865 2493.269775 4.598120 -0.855948 157.921188
4643.582520 -412.263031 2.517476 -3.775344 183.135590
-15856.180664 -6413.909668 -3.326467 -0.393423 134.900436
2599.915771 -1405.047607 1.190747 -5.717468 172.018372
671.557678 -1367.267090 -12.481410 -10.289255 157.806717
2313.717529 2828.899170 3.757429 -2.626568 127.076523
-1106.806641 1265.972534 4.595787 3.155753 140.622665
13780.388672 4860.929688 3.439220 -0.190315 145.776505
8787.234375 -6261.828613 0.800122 -2.588309 173.735291
1836.176270 -3645.760010 -4.834891 -0.971470 100.496628
-1168.592651 -1627.594604 -1.445694 7.103678 152.277222
3067.635986 4100.295898 3.461113 -1.756450 191.942688
2653.249023 -1438.275269 -3.775981 -5.531742 197.909103
-90.665070 1789.616943 5.194827 3.563086 104.616943
1483.525269 3793.884033 4.511164 -0.295104 190.191574
-1571.815796 2295.421387 3.683650 3.212760 165.399689
-89.006706 1771.160400 4.741045 -1.988151 108.901161
10282.995117 -6054.594238 3.598979 -1.349296 199.303253
5093.372559 -1062.974854 -0.249911 -3.853912 169.591553
-10994.485352 12296.238281 -3.481099 5.118143 147.614380
-134.660660 -2945.094482 -5.705522 2.758892 124.409325
-1841.344360 -4942.794434 -3.612246 1.936218 116.333893
-1019.939453 2630.996338 3.849616 2.418640 119.488640
-2138.348877 4217.015625 3.244598 2.186037 112.927498
-3079.211182 1630.402954 1.953538 3.545651 112.113678
3020.624268 9419.015625 4.166809 3.425241 137.374588
8348.329102 -5519.435059 3.639950 -5.209254 174.553833
51750.003906 -28542.332031 18.360104 -10.518099 143.642975
-14457.683594 -5096.541992 -11.021710 -0.684897 186.555923
141256.453125 34465.476562 52.611523 11.142401 158.396851
-38467.421875 26225.906250 -16.131527 11.436959 151.678513
1555.796509 -2711.749023 -4.600504 -6.925608 124.322105
2281.675049 -6676.237793 -0.247967 -1.476260 159.463211
-8928.785156 94.093620 -1.525749 2.751876 192.002274
-96477.976562 -16436.472656 -35.387745 -7.987350 193.957672
4275.404785 3099.536133 3.089527 -3.115595 123.136116
-2641.719971 3507.907227 3.435636 2.768147 106.614128
-3348.994141 -2663.276855 0.091935 3.371757 185.014374
-4670.829102 -2391.253174 -6.146313 4.630741 104.113350
5157.251465 2358.634521 1.839852 -3.622104 137.646362
1205.732422 -5610.983398 -3.612078 -0.259969 186.110016
-3873.895752 -604.387146 0.147110 4.594424 101.781570
-3590.428223 -2897.908691 -1.439432 3.689142 176.603699
3113.048828 -6918.092773 -3.010739 -2.454524 108.485489
5485.195801 4320.767090 2.700887 -2.555296 102.043900
-1565.759888 -4496.202637 -4.120517 2.757666 147.470490
3546.492432 5576.714355 3.522955 -1.746812 110.164970
5181.933594 -861.945068 -1.441827 -4.552429 199.028488
-1277.807739 -4442.347656 -2.498143 2.303823 113.364296
7466.485352 1845.304932 1.179397 -3.075906 122.763954
353.153564 -5124.602539 -4.261426 0.901377 174.841858
4422.180176 -5695.176270 -2.836519 -2.766335 194.007309
-6674.558105 -1149.715088 -0.426117 3.264376 196.594223
5307.583984 3564.044678 1.555205 -3.260898 102.091232
-6183.406738 -3486.278076 -1.826206 3.085842 123.425827
-3481.218750 6477.190430 2.881921 1.900675 172.711685
4056.113281 4912.649414 2.117084 -2.950774 187.323380
-171.124039 -6156.148438 -7.847517 0.254907 141.814758
-6949.841309 1086.445557 0.736303 3.076968 179.828781
-7079.594727 -2278.352539 -0.633247 3.084242 187.921371
-8262.570312 453.034210 0.127848 2.781737 124.489388
-18044.550781 -10679.611328 -8.913793 -8.860867 141.211334
-1906.329102 -1676.795410 -5.735974 2.655044 162.409317
7026.733398 -3589.993408 -1.632543 -3.261083 147.546555
103.375534 -6723.457031 -3.492838 1.142185 188.625320
7248.353516 2383.336914 0.762181 -3.539059 179.603302
3236.484863 15797.754883 10.080079 14.428189 143.616623
4067.842041 -6545.384277 -2.966914 -1.019445 187.279404
-4571.302734 6478.991211 2.970726 1.822493 195.606018
6628.377441 4496.766602 1.650610 -3.006372 172.709824
-7052.332031 -3866.022217 -1.399140 3.157766 156.237152
8451.858398 1837.692261 0.364776 -3.150757 132.298065
-7507.168945 3564.403076 1.672889 2.704067 102.674095
4572.799805 -6420.649902 -3.322149 -1.098096 143.968964
-8705.347656 -124.633171 0.297136 3.540583 164.668137
6723.248047 -6263.729004 -2.377537 -2.785628 166.815536
5956.285156 7175.490234 2.533423 -1.650394 197.881638
3090.517578 -7590.102539 -3.323584 -0.390023 168.031403
-3542.413818 10029.377930 1.474490 1.778995 176.293335
-6404.258789 -7377.501465 -2.454924 1.937604 136.031723
-87.422661 10333.934570 2.685180 0.241320 170.010513
-202.847992 9879.286133 2.702453 0.076409 153.071564
5334.470215 -6922.826660 -3.176254 -2.398109 179.222198
-7435.882324 6955.851562 -2.591888 -1.052657 145.056610
10149.189453 -242.467743 -0.400350 -2.799708 152.666046
1227.196167 -10162.201172 -2.949871 -0.701973 125.476326
37031.996094 -6825.210449 8.115219 -4.268946 136.199142
8456.757812 5331.230469 1.434295 -2.707464 172.157867
5858.623047 7388.737305 2.101043 -2.812344 175.167267
9204.847656 -4089.346191 -0.479745 -0.495464 125.056129
-231.558044 10625.985352 3.557983 0.044390 109.745834
9220.883789 -4084.630615 -2.574388 -4.306366 153.725769
-7026.854980 -8163.332031 -1.605950 2.087052 198.207260
1246.034790 -10259.396484 -2.812309 0.876928 105.599632
-10884.529297 -3214.409912 -1.017894 2.448512 123.449409
10493.375000 -270.123535 -0.310590 -2.716218 140.381927
-11901.645508 7523.701660 -4.397603 8.820168 136.000504
-10711.967773 -2277.824219 -0.068040 2.651271 153.921738
-9383.503906 6284.416992 1.615499 1.896587 181.425034
-7616.144043 -8600.480469 -2.171287 1.739962 114.116447
-10935.022461 -3447.138916 -0.668474 3.222934 124.705765
11423.789062 407.246857 -0.016693 -3.179225 169.430161
-1792.509644 11715.320312 2.700930 0.248572 180.587692
11669.527344 -1049.941528 -0.590742 -2.261081 160.852448
3133.806396 11375.533203 2.442646 -0.943054 154.193405
-4898.252441 -11294.427734 -2.643506 1.144377 125.278702
-11574.260742 -2605.682617 -0.275721 2.556425 140.923859
9688.621094 7310.542480 1.460083 -2.388596 199.010529
-8977.505859 4376.387207 6.290555 -2.658213 167.570084
12704.387695 -265.602997 0.059593 -2.143280 122.895897
-7344.086426 -11594.966797 -2.294657 1.190540 101.019669
9172.168945 -9306.229492 -1.459419 -1.594923 171.951920
12458.617188 4181.663086 0.998699 -2.539345 188.764221
-3567.321289 12764.419922 2.650656 0.840158 130.678772
2095.807129 -12970.070312 -2.596910 -0.281091 142.752182
-5535.112305 -9157.440430 -1.408005 2.532672 177.650467
10432.109375 -7991.845215 -1.808731 -2.024921 160.849976
-6913.279785 -11659.897461 -2.770891 1.441670 128.549835
-2257.980225 13230.024414 2.462367 0.212781 152.907913
12722.776367 -380.674103 -1.325726 -3.221736 109.091469
12499.004883 -719.360718 -0.501010 -2.844124 122.156647
-6757.015625 -13706.027344 -1.949564 0.361411 101.849281
7710.855957 11721.187500 1.734312 -1.191089 101.895134
318.707275 13912.945312 2.405084 -0.286205 120.501488
9412.258789 -9252.666992 -2.551465 -1.395245 163.267960
1443.427490 -13916.943359 -2.376859 0.086974 153.643967
12723.148438 4956.753418 0.507725 -2.547866 132.011429
-7966.864746 12316.910156 2.144789 1.472425 134.370865
-5298.831055 13611.761719 2.281048 0.774123 114.643997
-14689.291016 0.303520 0.142121 2.295638 154.255859
-5264.550781 -13253.114258 -2.431844 1.212564 167.322906
-10894.169922 -10487.019531 -1.327487 2.042999 178.550888
-13140.103516 6844.211914 1.268410 2.096480 157.369965
90.547699 13761.748047 5.953156 6.496640 184.367844
13116.217773 6738.344238 0.955300 -2.424160 120.396973
-12182.050781 9003.410156 1.525305 1.815120 119.650742
-7309.957031 14266.229492 2.021874 1.345151 107.407875
-32888.453125 -33107.250000 -6.899633 -7.511862 124.592224
-2835.259277 15098.687500 2.349792 0.206355 170.214325
12015.957031 9880.744141 1.412368 -1.950698 111.844238
7935.043457 13194.062500 1.923915 -1.431500 172.377899
1423.925171 16212.300781 2.654600 0.103127 152.834930
-7789.388672 14761.850586 2.033097 1.197148 125.167282
-11311.979492 -10821.958984 -1.621467 1.479307 178.139160
-15140.076172 -4663.524902 -0.508305 2.350466 142.429352
16389.843750 2478.882080 0.213678 -2.063049 160.790039
5146.205566 -15779.063477 -2.420404 -0.855732 110.871674
14907.073242 -6825.315918 -1.087558 -2.097027 153.524231
3744.598633 16141.656250 1.911609 -0.607870 117.297562
21694.695312 -1093.378052 3.641136 -4.730546 155.099548
-16520.707031 -1712.229614 -0.043432 2.293196 176.021683
4800.096191 -15912.118164 -1.962579 -0.253277 102.220604
-10638.521484 -12883.689453 -1.735712 1.682411 135.545578
6363.443848 13991.958008 10.264931 0.478255 177.891754
1351.055298 16901.421875 2.124578 -0.478591 149.760620
-31301.775391 15526.958008 -10.990103 1.692444 114.420105
-17136.841797 -27.868429 0.247608 2.152507 125.514198
15187.012695 -9004.585938 -1.117433 -1.875162 115.054329
9110.756836 7213.258301 -4.625412 0.447218 117.411354
-1727.179443 17653.042969 2.219341 0.139648 147.229279
2607.712158 17733.111328 2.023810 -0.240376 158.763977
-4526.974609 -17455.429688 -2.277893 0.566555 119.338326
-17015.699219 5457.940918 0.777031 2.014151 107.503227
17654.218750 -3315.166504 -0.574802 -2.129395 180.628647
15890.184570 -9470.821289 -0.995374 -1.858378 123.082420
-17738.011719 3890.987793 0.614299 2.174944 155.261520
12673.920898 13169.804688 1.476945 -1.620645 196.816711
-8723.105469 16919.671875 1.842252 1.061648 155.155853
-5700.979980 -17637.208984 -1.481184 0.520697 154.871155
-13966.775391 -12320.907227 -1.262668 1.656815 166.176971
-5254.651855 18024.406250 2.080163 0.495320 100.917534
18657.544922 -308.915802 -0.240323 -2.122978 131.470718
17773.197266 6222.630859 0.587947 -2.145039 110.671471
14892.837891 -11741.869141 -1.385982 -1.493841 163.687073
2377.229248 18456.353516 1.901055 -0.753986 168.656693
-5568.767090 -17899.394531 -2.216408 1.208412 168.009674
-18000.625000 7138.257324 0.867444 1.914727 122.536072
1446.811768 -39983.792969 7.914670 -31.328089 143.107544
-14646.882812 13205.049805 1.383601 1.512449 183.248337
17240.570312 -9720.166016 -1.327503 -2.070607 160.255997
19076.484375 4010.818359 0.172732 -2.079798 129.230087
39583.351562 74925.632812 16.501556 18.482004 166.192276
-2473.974609 -19646.875000 -2.090468 0.439830 173.363174
17060.007812 -9272.932617 -1.184492 -1.372682 186.288376
-58652.191406 -35475.902344 -12.367778 -13.819813 182.859634
-21592.574219 90954.484375 -5.291184 42.479244 112.837540
-2661.507080 20162.779297 1.951615 0.081652 190.642212
2681.857178 -20558.599609 -1.720561 -0.219982 141.787872
7838.376465 -19484.027344 -1.898444 -0.896335 181.328812
-20801.025391 -2320.495850 -0.339434 2.054772 126.676414
1881.782959 20093.777344 1.911372 -0.607762 125.059952
-2106.817871 21111.076172 2.197010 0.355854 135.243408
-17143.564453 12277.632812 1.229649 1.676411 176.565094
9412.587891 18815.158203 1.782811 -1.017190 156.528244
-13770.587891 -16093.761719 -1.451370 1.370230 155.761505
3452.433105 -20957.113281 -2.154225 -0.222068 197.347290
13128.644531 16955.224609 1.526940 -1.255457 136.547134
19946.263672 -7786.086426 -0.855060 -1.894870 170.177734
-26331.970703 -12315.701172 -4.106406 0.399015 153.394943
7440.115234 -20259.669922 -1.757233 -0.385557 141.069931
-10161.759766 18877.468750 1.867246 0.751819 199.379654
-21367.261719 -2259.668945 0.212165 1.891385 129.241669
-20787.695312 8398.185547 0.411509 1.585394 162.126678
73865.164062 -122062.093750 23.293413 -44.700718 108.706154
10664.646484 -19655.841797 -1.794887 -0.961080 132.667175
-9983.231445 -5270.157227 4.262829 4.048298 102.666435
-36728.261719 106431.546875 -10.808467 25.962543 186.713608
-4635.541504 23489.158203 2.029834 0.646428 107.344749
12335.358398 18796.730469 1.640395 -1.208955 107.667412
-7285.916992 21498.255859 1.961930 0.578607 170.929932
-7283.908203 -21500.134766 -1.796682 0.758674 157.388321
-21179.255859 8241.750000 1.054613 2.132492 196.272629
22230.492188 -6161.975586 -0.575284 -1.964008 153.775162
22345.691406 6240.327637 0.269981 -1.526410 103.259071
-10864.119141 -20630.597656 -1.685397 0.927699 131.012756
-4799.475098 22676.593750 2.047357 0.135804 119.895851
-1535.131348 23110.732422 1.727316 -0.183152 182.745880
21373.216797 -9365.829102 -0.925596 -1.647490 110.205048
14322.182617 18616.814453 1.363274 -1.251193 144.061234
2012.351562 -24041.640625 -3.353924 -0.193824 165.643250
-17334.949219 16281.812500 1.292630 1.120765 101.627518
-5216.702637 22346.068359 1.864441 0.207653 177.073975
9846.639648 -21831.945312 -1.759289 -0.636607 127.226036
-21906.386719 9711.175781 0.905507 1.612338 128.648788
-17381.660156 17061.673828 1.334186 1.475316 137.870499
-13565.797852 20138.312500 1.627455 1.008272 110.652649
10233.154297 21977.046875 1.673418 -0.944368 144.342545
20905.005859 13147.193359 1.092736 -1.681850 175.487305
21916.087891 11833.666992 0.885884 -1.507467 174.264679
3969.722168 -23880.736328 -0.545982 0.023873 194.069595
40318.414062 52139.726562 4.867932 10.645723 175.971985
-854.844238 19592.292969 2.889053 -2.008253 119.351524
3920.870605 -43799.750000 -4.945522 -15.272689 153.449860
14558.180664 -20641.470703 -1.512414 -1.032934 140.393677
24562.464844 -6150.954102 -0.420803 -1.549063 188.889130
-6525.497559 28773.988281 0.690076 1.814571 131.603409
-21975.972656 13359.706055 0.827135 1.478975 171.202927
-14624.967773 -21108.548828 -1.425645 1.002228 194.401306
-12975.358398 21947.412109 1.605602 0.783384 108.543297
-12185.072266 -22838.558594 -1.655443 0.860046 121.296295
25349.851562 4512.395020 0.181710 -1.781084 103.590256
14807.713867 21059.046875 1.407292 -1.172838 112.813484
-25073.369141 -8697.380859 -0.662879 0.519913 145.238617
2437.697754 25799.099609 1.734405 -0.350455 154.640823
-7531.220215 24645.574219 1.792860 0.220365 144.279144
-25486.185547 5692.081055 0.553581 1.807400 145.166367
22947.128906 12506.854492 0.608171 -1.666828 177.198349
-24846.546875 8956.611328 0.753305 1.758750 123.120934
-25088.572266 -8770.302734 -0.598632 2.639782 193.139191
-20964.117188 -16857.519531 -1.100311 1.360519 131.314362
-23174.998047 13175.362305 1.028229 1.386208 103.289680
-23447.830078 12720.414062 1.046416 1.682492 110.692680
24341.179688 -5737.078125 -1.328983 -1.793709 130.597336
22516.107422 -15618.918945 -0.938396 -1.467488 190.229660
-2175.710205 -27298.191406 -2.322470 0.072907 118.238480
20963.490234 -18999.466797 -0.449597 -1.694279 152.494263
-2048.250000 -27199.470703 -1.177323 0.371271 103.649673
-26314.804688 -7750.331055 -0.342270 1.669164 116.047249
-25022.160156 11268.368164 0.896540 1.645785 165.174301
-27067.162109 -6593.760742 -0.335183 1.531031 125.295494
-12883.594727 -24520.966797 -1.541996 0.965795 190.480438
25892.941406 -10451.975586 -0.737800 -1.650228 136.701111
-15159.265625 -23417.951172 -1.335070 1.050372 183.309052
24825.462891 -13317.883789 -0.961029 -1.554256 183.754105
-19355.279297 -20721.138672 -1.241741 1.189891 178.429977
6991.877930 -27506.318359 -1.658210 -0.360909 156.225769
-5334.319824 -28100.861328 -1.741071 0.306767 148.744919
21077.833984 -19037.208984 -1.777422 -0.855401 127.190338
48250.320312 20573.417969 5.794739 5.795775 185.963348
-21285.263672 20727.097656 0.775407 -0.959125 133.607239
12769.666016 -25725.812500 -1.629021 -0.611862 191.418304
-21669.763672 20417.746094 0.341623 1.609137 162.986816
4870.416016 28517.634766 1.660645 -0.409609 161.126236
2438.708008 -39776.550781 -8.155410 -12.513018 131.075211
25007.517578 -14783.250977 -1.011008 -1.365601 127.474525
-21306.728516 20767.214844 1.148570 1.649791 194.603348
-146547.000000 32523.810547 -55.134850 16.420189 177.628036
-28548.517578 -6653.199707 -0.150023 1.615035 153.746948
17075.812500 -24445.824219 -1.353713 -0.951265 146.081024
-25144.972656 15903.351562 0.979886 1.404119 147.769440
179666.468750 -69356.929688 50.184887 -17.063232 190.126572
-6427.055664 -29372.453125 -1.574294 0.351016 176.442093
-21352.212891 20187.353516 1.402670 0.513140 117.408691
23760.111328 -19518.380859 -0.703690 -1.365036 143.623703
12703.619141 27492.320312 1.514620 -0.745009 145.316788
29643.800781 6521.270020 0.283529 -1.635292 140.726410
-21129.310547 20836.902344 1.951331 2.349870 182.346863
991338.562500 -356116.343750 275.865662 -103.259102 173.827789
-29615.392578 8036.577148 0.483355 1.676385 131.216446
-3310.144775 30453.031250 1.629494 0.035886 119.687134
-983203.312500 371216.250000 -291.153442 105.616119 164.535339
-16895.726562 26020.019531 1.358330 0.835507 156.241486
-10454.742188 29292.183594 1.562442 0.493042 131.506699
-27561.857422 -14776.575195 -0.771555 1.457925 173.640015
21848.763672 22566.345703 1.177889 -1.126016 166.395538
-22705.837891 -21808.900391 -1.150723 1.205878 188.203262
24289.589844 -19474.912109 -1.318945 -1.192356 195.288940
-9350.730469 -30310.890625 -1.502654 0.438333 136.397491
31052.675781 -5766.856445 -0.336789 -1.688797 138.719254
-6367.734863 -30717.927734 -1.621655 0.603301 188.217575
4292422.500000 -17241780.000000 1110.826660 -4441.532715 118.499664
5964.948242 -31539.935547 -1.533944 -0.286664 120.983864
-3243516.000000 12923094.000000 -827.982239 3319.581543 158.656967
-24341.353516 20615.921875 1.251810 1.221658 192.645233
21518.921875 -24190.863281 -1.213331 -1.062260 154.023849
-123.105194 -32383.949219 -1.601128 0.080393 170.267365
-31005.533203 8798.236328 0.616943 1.525028 135.979095
26291.517578 -19404.720703 -1.033353 -1.517292 128.787109
-17687.109375 -27470.035156 -1.311679 0.918209 102.438347
-25008.306641 -21547.896484 -1.116926 1.185104 103.013832
7588.740234 31948.537109 1.563878 -0.442837 178.283005
-23171.105469 23055.109375 1.232143 0.952382 118.372429
19895.644531 -26400.449219 -1.258116 -0.854208 199.724213
30518.755859 13400.794922 0.670597 -1.458178 139.747025
31328.134766 -11258.174805 -0.718066 -1.383105 182.064590
-9652.798828 -31587.558594 -1.432536 0.681928 171.993698
-28859.845703 17095.609375 0.853776 1.377052 150.260742
-33479.523438 1875.516357 0.181018 1.650535 199.212601
32643.263672 -9560.002930 -1.021880 -1.611221 192.677048
3899.080322 12083.627930 7.668505 -8.720607 161.870544
16658.242188 -29551.248047 -1.382347 -0.722558 126.480232
-30569.630859 -14995.105469 -0.651514 1.391134 151.041428
27064.728516 -20008.099609 -1.185953 -1.135560 191.795639
19501.201172 28315.976562 1.242902 -0.812867 180.249527
32181.849609 -11083.307617 -0.440649 -1.238038 190.043137
503176.718750 -46605.851562 136.843536 -13.459295 187.571991
-25433.732422 52610.281250 -4.948104 9.298483 161.039368
-984301.750000 113116.109375 -242.070709 27.275330 105.734200
-26373.437500 -22579.779297 -0.945923 1.179606 158.053986
13235.156250 -32502.958984 -1.328373 -0.656627 156.717987
9138.210938 -33778.792969 -1.544774 -0.417810 189.943771
32972.828125 -9731.599609 -0.124197 -1.720699 176.231003
25608.054688 24254.597656 1.080024 -1.099053 136.563538
-14933.918945 -31875.310547 -1.382855 0.684513 129.598358
32665.205078 13295.987305 0.504772 -1.424207 147.980698
18791.015625 29995.244141 1.354160 -0.896787 145.734406
-34659.449219 -79264.695312 -20.218687 -21.516254 193.126831
-22625.791016 27582.585938 1.245638 1.022036 126.137093
26623.998047 -24172.257812 -1.292786 -0.876659 173.552292
35560.980469 5282.925293 0.247706 -1.454484 137.810776
-32326.800781 15857.272461 0.714496 1.455267 121.926376
-20563.169922 29610.923828 1.048573 0.679159 104.182106
15775.810547 32551.066406 1.387073 -0.674497 102.950378
13972.526367 -33018.308594 -1.596935 -0.402464 117.955421
-21556.035156 29175.724609 1.289851 0.871017 188.944244
40397.167969 6195.467285 16.769407 20.534918 197.981445
8323.484375 -35369.886719 -1.495357 -0.207527 117.060730
24634.757812 -26999.486328 -1.120987 -0.925129 196.442841
-36188.656250 -6360.350586 -0.240323 1.537472 135.340347
1799.361694 -36593.382812 -1.354314 0.058102 126.430336
27141.806641 -24678.660156 -0.710224 -1.391477 131.583328
5082.794922 -36492.046875 -1.574980 -0.128754 177.279572
36372.136719 6464.141113 0.171902 -1.611722 114.560501
-32729.765625 -17960.238281 -0.756194 1.324621 135.221725
-28323.378906 -24241.388672 -0.809695 1.030091 119.512802
30136.882812 22204.093750 0.808267 -1.141627 157.476852
-37170.574219 -4677.906738 -0.103149 1.451576 136.685898
11289.126953 36566.019531 1.337020 0.036726 118.179276
-28031.279297 -25043.089844 -1.027032 1.313028 107.691208
-32382.376953 20053.234375 0.742157 1.414321 163.275681
-29086.064453 -89034.343750 2.089705 -36.573017 141.650681
-37726.242188 4129.458984 0.235496 1.421752 132.759979
-34555.640625 -15848.483398 -0.490701 1.298925 112.834579
18876.580078 -33255.519531 -1.322499 -0.720277 118.438019
38118.632812 -3247.598145 -0.192797 -1.561751 179.168655
27842.136719 26555.679688 1.020408 -1.084395 143.007172
-40052.773438 113624.406250 -1.442143 35.729641 155.687988
-13091.036133 -36319.187500 -1.386087 0.549343 110.337921
-16065.062500 35286.074219 1.336483 0.595761 133.094070
11231.954102 37024.398438 1.609720 -0.641392 197.508728
-32635.367188 21138.246094 0.804754 1.084566 141.392654
-29137.580078 26245.773438 0.915833 1.111362 186.672241
-39091.281250 -672.746460 0.214994 1.150010 137.529587
38663.476562 -5339.132324 -0.320546 -1.394381 196.915070
-23926.427734 -31313.228516 -1.157401 0.873895 182.784103
39514.140625 -19742.363281 4.724983 2.637306 184.080948
-39484.242188 -187.953598 -0.057791 1.658381 198.787048
-10249.747070 38438.406250 1.404502 0.421136 143.963135
21237.048828 33630.296875 1.235372 -0.796929 116.052040
-27189.812500 -35634.062500 -15.358854 -1.896663 150.394119
-34957.843750 -19168.236328 -0.652048 1.307647 173.419708
18279.914062 -35486.179688 -1.300981 -0.575343 116.712143
12190.126953 37923.894531 1.230785 -0.609777 157.550995
2120.671631 -40044.386719 -1.392957 0.032967 110.496773
33637.714844 24708.742188 1.916970 -1.432570 110.771202
21103.181641 -31826.626953 -6.883445 -4.940889 177.887070
6269.932617 39972.808594 1.463744 -0.277556 169.321259
-12893.954102 -32927.125000 16.198858 4.082238 121.759636
-37474.386719 15738.422852 0.630336 1.367611 153.381485
16413.583984 37381.156250 1.278839 -0.592156 171.878036
-67485.492188 61325.218750 -11.323774 8.450919 140.524933
-28408.578125 29493.095703 1.014262 0.883245 100.972885
6030.117188 -40618.746094 -1.433133 -0.147116 185.981857
25132.570312 33053.804688 1.073315 -0.662306 108.386414
10151.578125 13105.479492 10.310447 -5.564313 186.624588
-31116.675781 27373.750000 0.938387 1.030065 199.865036
-35439.070312 21794.677734 0.772443 1.322455 191.114914
30383.365234 -28119.164062 -1.025619 -0.909718 116.062202
-48377.328125 29391.822266 -2.031179 10.640491 185.044830
-26368.763672 -32387.980469 -1.033667 0.932055 131.156876
-33406.121094 -40455.644531 2.339380 -9.787346 151.907059
-41031.265625 -10775.373047 -0.473275 1.334315 188.688034
24891.878906 33748.082031 1.213937 -1.057742 128.172028
27689.402344 -31834.000000 -1.062241 -0.879786 107.888641
-16676.521484 -38927.441406 -1.273168 0.578392 124.752930
-8880.455078 41887.039062 1.494287 0.249116 161.548996
-37200.964844 -20435.787109 -0.601169 1.253336 102.357803
35863.730469 23285.265625 0.775715 -1.136865 145.966400
27941.904297 32357.660156 1.036629 -0.931616 136.337906
34560.636719 -25149.189453 -0.892017 -1.112915 189.524384
38950.484375 18339.509766 0.603806 -1.231653 155.919937
20.450764 43131.511719 1.210885 0.016644 108.944260
-10010.312500 42114.542969 1.377545 0.483510 165.309509
-36270.281250 23047.763672 0.895352 1.085598 182.566681
-34752.183594 25667.625000 0.891584 1.062034 171.212555
-32586.121094 28190.402344 1.049518 0.892758 142.018326
-10337.854492 41835.222656 1.169958 0.121085 172.871048
-24301.326172 36192.546875 1.184168 0.766617 133.091995
-897.582886 43626.222656 1.498168 -0.057522 144.440796
-190124.937500 78035.539062 -126.810272 63.309616 160.298935
9451.190430 42816.316406 1.365959 -0.361016 152.544464
24180.697266 -36787.531250 -1.164013 -0.739103 161.702301
488.810760 -44099.058594 -1.359849 0.046480 188.745346
-2909.151611 -44115.257812 -1.367516 0.138619 119.655441
43677.441406 -6990.739746 -0.288903 -1.347524 162.819016
20354.037109 -39477.023438 -1.228243 -0.581443 104.860641
-13748.357422 -42368.804688 -1.312960 0.453386 145.645370
43651.570312 9664.933594 0.292182 -1.327001 176.288116
-4915.837891 -44369.839844 -1.256829 0.213492 112.851059
-20530.843750 39995.414062 1.116198 0.597100 140.379044
79303.953125 -53375.714844 107.275566 -50.848106 190.028931
-9012.607422 -44057.234375 -1.311897 0.318827 113.707794
-34173.136719 -29711.732422 -0.745015 0.860919 100.103653
-22402.523438 39398.683594 1.211056 0.712761 177.388535
4110.367676 -45071.476562 -1.389878 -0.035881 153.451065
-32762.794922 -29957.128906 -0.265842 1.339418 153.044189
14558.041016 43163.636719 1.304805 -0.461027 137.716904
35132.683594 29289.921875 0.889051 -1.026325 109.827011
-44637.472656 9207.230469 0.341385 1.224563 115.340912
-40961.636719 20576.910156 0.650996 1.259490 190.596527
39305.101562 -24650.498047 -1.044679 -0.682911 125.118233
45867.523438 3895.033203 0.072689 -1.333243 174.825974
102133.960938 8025.787598 14.187143 0.747396 148.663986
16901.281250 41500.898438 -0.510615 -2.470926 111.941803
-11684.570312 -1899.922974 -14.539638 1.399995 147.226105
30734.800781 -34742.652344 -1.039791 -0.839898 125.729454
18802.058594 43681.867188 2.224285 0.655873 189.470169
-4917.906250 46530.078125 1.328313 0.176664 111.319290
-45844.468750 6703.815918 0.364369 1.344925 124.368813
39311.312500 25650.214844 0.736361 -1.086884 173.059540
-36651.421875 -29047.050781 -0.631399 1.082507 117.690407
-2525.825684 46818.988281 1.270406 -0.030926 110.805870
39428.476562 -24880.917969 -0.433142 -1.626333 114.108246
-24461.496094 40213.718750 1.260097 0.644215 116.342873
-14222.299805 45148.457031 1.283295 0.381195 137.165176
11934.753906 -46587.792969 -1.201363 -0.639528 139.394196
-25731.087891 -39997.703125 -1.095285 0.724796 127.890549
-33655.132812 -33805.000000 -1.033245 0.990284 148.299606
-1052.032227 -47574.750000 -1.305838 0.141526 176.909515
6842.333008 -47303.585938 -1.306720 -0.131036 126.571297
45567.898438 15033.714844 0.398815 -1.251401 137.664017
42696.261719 22393.189453 0.643062 -1.111990 100.216599
-40864.652344 -25573.203125 -0.683730 1.100151 127.936852
8742.667969 47406.546875 1.285334 -0.278096 120.928421
-21931.625000 42961.433594 1.202303 0.529768 156.579834
-18876.769531 -44669.964844 -1.210611 0.517220 188.342163
45507.453125 -17217.300781 -0.445385 -1.235340 169.259583
-18510.931641 44958.109375 1.211786 0.457177 137.049026
43405.746094 -22211.560547 -0.619006 -1.181322 101.537468
-5726.989258 48286.511719 1.323627 0.017997 178.065842
12287.533203 -47592.808594 -1.398412 -0.150026 157.230682
-42675.207031 24066.843750 0.661880 1.064644 164.150208
6760.387207 51872.273438 -6.944685 3.604131 173.650406
35806.539062 34196.281250 1.037264 -1.043214 134.395233
-43848.359375 22393.150391 0.703969 1.217948 158.326523
35190.722656 34824.406250 0.865698 -0.806235 192.670349
39747.609375 29696.982422 0.780611 -1.025012 163.156189
-57355.507812 -16645.083984 -15.355526 4.438941 159.254196
13002.275391 -47847.910156 -0.974863 -0.398497 192.283676
-11606.367188 48905.859375 2.100909 0.839010 186.613419
26833.976562 42129.203125 1.093335 -0.735903 115.302979
48954.886719 10676.976562 0.273591 -1.256119 196.042755
33887.382812 38006.007812 11.244698 -5.700045 139.638611
-47765.863281 -15748.773438 -0.380111 1.189948 160.198807
-49888.964844 6757.784668 0.325417 1.183316 174.066208
-13106.644531 47859.109375 -0.073521 -0.660833 118.406006
13467.888672 -48217.785156 -1.729551 -0.140792 132.612381
-24123.484375 -44587.250000 -1.117828 0.612672 144.575867
-29288.515625 -22749.041016 22.621815 -3.807387 102.596115
5553.986816 50613.890625 1.344719 -0.123903 183.582611
-49913.277344 7668.288086 0.237763 1.635173 114.106644
-32939.757812 39080.312500 0.973212 0.827281 131.832245
50790.781250 -5641.022949 -0.189486 -1.317623 136.975998
48514.828125 -16439.011719 -0.454478 -1.232221 157.474762
-51258.968750 925.917603 0.080202 1.285287 114.256943
50664.183594 -8853.533203 -0.247029 -1.246777 163.902390
45326.574219 24824.507812 0.640087 -1.134772 194.753250
9500.876953 -50715.980469 -1.207951 -0.158585 176.069122
-42475.105469 30155.945312 0.593180 1.128256 144.899017
39948.933594 -33144.089844 -0.834530 -1.027873 102.780403
-51278.820312 -10035.979492 -0.454198 1.404013 127.779129
-5487.494141 -882.685974 -11.047603 -15.056370 177.125870
97722.445312 99018.070312 21.100386 18.495796 114.970833
-5800.040039 -51893.167969 -1.270107 0.176993 114.964417
47077.179688 23206.158203 0.724371 -1.322837 111.501862
-42857.726562 -30427.902344 -0.781900 1.036980 162.909683
-49903.925781 16334.516602 0.434329 1.207060 161.858231
16415.541016 -24690.123047 6.541964 12.676316 171.503693
47403.746094 22813.216797 0.288143 -0.898455 151.100281
6919.503906 52253.835938 1.159308 -0.277928 192.931656
-51906.496094 -9516.965820 -0.052458 1.125028 183.611252
32232.978516 42162.355469 1.039328 -0.809873 138.442047
35230.332031 39100.164062 0.955278 -1.048272 153.466766
-17565.056641 -50397.035156 -1.218173 0.392070 168.324051
-43338.675781 30644.574219 0.889601 0.927049 143.212692
-21073.324219 -84788.062500 -10.063368 -14.128403 152.198914
52002.214844 12755.417969 0.279061 -1.232252 113.688728
45231.558594 29032.886719 0.686587 -1.040886 160.294495
-44933.066406 -29517.748047 -0.616437 0.980498 136.592087
39005.582031 37353.210938 0.897711 -0.854835 145.177628
48503.757812 -23725.728516 -0.580406 -1.205310 169.633713
-53958.097656 -2228.666992 -0.002356 1.253112 124.067009
5340.339355 53622.527344 1.320713 -0.268690 140.309738
41259.945312 35278.707031 0.787831 -0.946156 155.337891
42865.488281 33446.644531 0.723873 -0.953774 126.626228
-7921.336426 -53790.148438 -1.208103 0.240758 168.431702
53329.007812 -11254.425781 -0.302900 -1.199634 144.656708
48284.871094 -25473.783203 -0.593312 -1.003135 150.054489
-41957.105469 35233.507812 0.817471 0.956234 160.694168
-16215.758789 -89841.585938 -9.673261 -11.240785 121.474762
56711.968750 5110.354980 3.755182 -4.329462 135.176682
-37106.832031 -40719.375000 -0.940766 0.859556 129.579056
30216.531250 -29755.773438 4.388391 7.107614 181.807755
-41683.593750 -37548.488281 -0.887865 0.486107 106.833611
41375.007812 -36977.207031 -0.775415 -0.931084 119.621025
-25991.435547 -49051.929688 -1.053769 0.546702 131.671875
-45381.941406 -31809.283203 -0.638244 1.069790 105.895851
39407.773438 39444.699219 0.984574 -0.917896 104.151169
54058.531250 7423.350098 -2.291359 0.944748 197.941528
-37194.843750 41800.429688 0.869335 0.790439 138.367203
-46631.503906 30702.681641 0.751187 1.005495 118.359856
-20625.816406 -52376.074219 -1.155826 0.348539 121.530746
-40393.785156 39607.175781 0.649221 0.975139 186.321899
-41630.039062 -37481.644531 -0.807840 1.009354 166.200104
40485.406250 38859.457031 0.667488 -0.902847 129.489410
-21216.224609 52569.351562 0.977002 0.230487 119.402489
53412.652344 -18465.441406 -0.431633 -1.144663 188.138275
48767.996094 28757.001953 0.544704 -1.030298 149.385498
26722.986328 -50176.441406 -1.075226 -0.605447 163.438644
12849.888672 -55200.417969 -1.228303 -0.208859 166.889816
46685.449219 32812.058594 0.693065 -0.987703 104.916618
-16609.537109 -54603.074219 -1.215638 0.383603 147.152771
39640.199219 40735.140625 0.849548 -1.069317 117.665291
-41722.437500 -38915.578125 -0.857833 1.093406 156.763916
-21208.212891 53191.843750 1.039167 0.606606 119.786507
-22359.283203 52795.175781 1.352865 0.478439 133.359314
-41306.359375 39709.433594 1.127507 0.930225 165.914062
-57306.289062 5271.126465 0.168742 1.184533 162.107422
-52226.839844 -24809.046875 -0.531307 1.109195 171.993912
56414.972656 13166.988281 0.508992 -1.949404 156.267670
-20601.210938 -54054.507812 -1.171773 0.525869 136.403473
-53920.972656 -21643.500000 -0.439212 1.085836 147.578003
-15147.050781 56214.480469 1.167020 0.331712 119.370331
-23125.978516 -53517.816406 -1.085715 0.473861 133.588196
-40755.722656 41415.734375 0.894035 0.672003 197.065231
-2027.929443 58365.152344 1.197386 -0.008856 129.422440
57928.656250 7034.241699 0.023273 -1.192423 162.331726
-9743.106445 57849.792969 1.160632 0.171984 101.688919
28950.490234 51230.617188 1.083436 -0.574906 151.645187
-7867.214355 -58242.246094 -1.184804 0.219266 110.142075
-31235.228516 50195.031250 0.998088 0.698349 115.546761
-51725.265625 28456.392578 0.613875 1.042840 186.219101
-25764.082031 -53287.050781 -1.004640 0.501652 143.689850
-59233.355469 -1428.651367 -0.005111 1.165330 174.280914
-58469.320312 -10145.208984 -0.172080 1.152824 144.192413
44713.437500 -39766.218750 -0.629627 -0.983197 182.913742
48181.621094 -35120.671875 -0.756642 -1.070893 109.847374
-58008.214844 -14093.062500 -0.280506 1.150419 113.131615
47253.718750 -36618.125000 -0.732366 -0.923290 142.151947
23122.169922 -55362.015625 -1.299173 -0.286532 160.347031
164038.531250 104537.484375 70.399261 40.648960 134.606674
38143.171875 -46815.410156 -0.822851 -0.854805 169.847504
23481.078125 -55700.925781 -1.001707 -1.131366 113.222275
-36514.640625 -15658.512695 -50.427822 -32.024315 182.396301
-39021.789062 45961.730469 0.904410 0.701766 134.133484
52193.316406 -30541.765625 -0.609821 -1.018656 188.220322
50255.914062 33893.734375 0.612926 -0.889159 178.016129
-14455.594727 58833.917969 1.105259 0.208039 169.434998
62899.507812 -6462.634766 2.062744 -8.061153 124.584320
23259.023438 -55881.765625 -0.856066 -0.006357 115.458023
11034.375000 -59962.925781 -1.132723 -0.188071 198.323761
-47280.847656 -38627.968750 -0.703324 0.901279 109.585007
43512.593750 -43029.621094 -0.792063 -0.787370 196.819778
45725.265625 -40310.656250 -0.951441 -0.791842 179.398407
-31942.835938 52358.125000 1.005607 0.581494 190.909088
-45384.328125 -41359.914062 -0.761770 0.914704 128.417038
59347.492188 5267.404785 -2.174573 5.919320 121.344742
-61422.558594 -2821.174072 0.045107 1.210362 132.023895
-57176.347656 23041.279297 0.553010 0.767340 162.143433
61085.203125 -9737.965820 -0.200796 -1.149340 163.348541
38559.937500 -48354.035156 -0.857447 -0.575807 145.781296
-57429.113281 23844.382812 0.354968 1.482709 124.988457
36815.191406 50111.195312 0.928789 -0.707215 187.189133
-24705.324219 -57126.042969 -1.075862 0.493923 176.073166
-57553.488281 -23985.240234 -0.418396 1.070434 165.921478
-27542.185547 56025.339844 1.052893 0.474337 100.926506
40415.500000 -47624.335938 -0.986938 -0.740695 164.001953
51149.218750 35690.234375 0.562155 -1.049644 164.995209
-55613.144531 -29157.525391 -0.532974 1.036947 117.037895
14976.398438 61163.312500 1.140696 -0.244652 162.281952
30193.101562 -55549.234375 -1.000880 -0.673178 161.074387
-60720.082031 -16999.142578 -0.291358 1.108784 148.021896
9686.701172 62383.703125 1.149756 -0.199496 192.971970
-19119.027344 -60315.250000 -1.121182 0.365633 109.146889
54069.660156 32880.410156 0.527534 -0.972458 178.942963
2145.857910 -63843.089844 -1.226837 -0.354090 136.493652
-41049.328125 -48573.140625 -0.886142 0.741949 170.019287
34501.945312 -53608.851562 -0.977735 -0.656913 157.536011
-32167.843750 -55116.617188 -0.934676 0.550834 168.478790
45688.281250 44843.406250 0.885748 -0.801652 127.431976
64801.554688 22721.566406 0.677768 1.150990 149.853592
17822.853516 61557.976562 1.051522 -0.315070 134.067368
3104.162842 64022.339844 1.149673 -0.101314 189.658325
54298.230469 8886.166992 -2.262300 -3.401426 113.446251
-64241.953125 886.620911 0.086117 1.132716 184.829544
62889.460938 -14442.113281 -0.249988 -1.137909 194.717300
58199.960938 28008.441406 0.481104 -1.015080 171.526535
30260.140625 -56947.789062 -1.016370 -0.410746 136.602020
2045.828125 -64229.042969 -1.014132 0.365003 121.967636
-21806.603516 61047.515625 1.082037 0.356870 189.766815
-63405.402344 14112.762695 0.264361 1.097510 103.348083
51190.781250 40360.500000 0.711523 -0.836324 108.492752
-29017.521484 -58884.570312 1.394950 0.763757 130.189270
-34379.750000 55401.093750 0.994958 0.554693 155.626755
16025.561523 -63654.226562 -1.138761 -0.424743 160.878403
-51471.687500 -40443.117188 -0.683791 0.909069 111.865662
46816.117188 45534.726562 0.677589 -0.911714 109.515053
14515.156250 63948.796875 1.115702 -0.315732 117.828529
65638.070312 -3477.246582 -0.080755 -1.098119 101.801315
66184.179688 16375.923828 1.414563 -1.435947 178.471298
-55393.304688 -35934.500000 -0.626885 0.953136 110.120422
-65563.328125 7473.451660 0.166336 1.106834 157.823074
-7850.502441 65853.859375 1.092388 0.191699 169.601151
24435.023438 61726.902344 1.073008 -0.390429 138.426620
64149.250000 -16698.191406 -0.324766 -1.027184 173.446381
-29809.349609 -58962.890625 -3.011603 0.297456 153.603378
51634.855469 41676.093750 0.649498 -0.998534 115.391266
55360.269531 -37143.488281 -0.645698 -0.924884 128.829346
59406.128906 -30880.958984 -0.468047 -1.018541 151.453613
35418.855469 -56632.230469 -0.990284 -0.555853 151.742859
15826.771484 -64829.187500 -1.079216 -0.100584 157.129074
29191.093750 -60498.230469 -1.006594 -0.512862 117.465828
36849.597656 56201.617188 0.933249 -0.607315 166.820496
64299.636719 20382.935547 0.570288 -1.164410 194.851395
-64053.125000 -21036.710938 -0.330489 0.965619 115.004791
32633.970703 59118.882812 0.955587 -0.521493 112.110214
50318.722656 -45169.988281 -0.763029 -0.856265 180.884964
11351.821289 -66743.351562 -1.051445 -0.181779 192.855606
-25988.859375 -62575.585938 -1.034011 0.456409 184.624130
-50343.683594 45558.066406 0.765653 0.853914 178.158188
29022.531250 61636.312500 1.009714 -0.408985 163.224579
-64122.476562 -22843.140625 -0.368607 1.100146 143.171402
-47991.492188 -48401.468750 -0.765373 0.791694 126.491402
59552.640625 33284.007812 0.510876 -0.989511 143.373840
-8822.662109 67676.117188 1.131726 0.063835 149.445480
69129.632812 -1241.637329 0.588174 -0.889066 105.584717
48871.304688 -48248.496094 -0.719705 -0.776187 123.657219
65807.257812 18816.613281 0.173900 -1.058408 113.178024
-10237.269531 -67979.429688 -1.117343 0.189318 191.975677
61402.136719 -30880.744141 -0.587665 -0.997412 161.851501
-22368.960938 -65328.746094 -0.938328 0.249561 101.276764
-42897.183594 -54143.855469 -0.840398 0.683237 120.371910
-3285.310547 69021.085938 1.086841 0.001613 176.959991
202875.265625 -184489.562500 229.560699 -161.361404 140.642181
-67931.601562 -14100.172852 -0.212196 1.071985 149.845078
-46447.855469 51683.070312 0.794557 0.704516 178.015076
69558.859375 3028.206543 0.096880 -1.506693 178.755524
-61120.464844 -33610.566406 -0.532847 0.933057 167.457703
69359.031250 -1150.420410 -0.409741 -1.211406 172.950958
23163.552734 65961.968750 1.066809 -0.371404 146.688889
72574.781250 -4189.409180 4.725012 -24.650715 140.414352
-17626.675781 67823.796875 1.058087 0.259885 111.256424
-109009.218750 33220.835938 -184.516708 127.702103 176.680939
12987.473633 -68916.085938 -1.082487 -0.111988 103.508385
6221.321777 70016.351562 1.081203 -0.140166 186.590164
-1169.233276 -70310.531250 -1.123765 0.099393 140.931061
-70455.671875 1744.888672 0.088322 1.085425 178.641312
-50342.957031 49579.074219 0.793595 0.780376 180.605850
31442.798828 63345.718750 0.906145 -0.494263 139.680313
-58824.628906 -39653.949219 -0.651010 0.938331 140.488800
66748.875000 25856.244141 -3.829525 19.466269 161.189499
-37816.441406 -60246.929688 -0.922149 0.570503 165.006989
65211.355469 28537.466797 0.439044 -1.007234 195.112671
50754.687500 -49860.609375 -0.790863 -0.706001 177.997955
28150.687500 65783.914062 1.096895 -0.406103 157.036667
-11399.768555 70472.976562 1.097654 0.127062 181.674301
60707.906250 -37778.425781 13.558910 -64.195274 157.495560
-20392.072266 -68744.796875 -1.074612 0.319864 108.157677
71411.062500 -6594.106934 -0.126324 -1.080433 146.838669
-7432.187988 -71417.429688 -1.097322 0.155427 165.514221
54150.414062 -47342.992188 -0.755116 -0.814013 126.035835
18113.589844 175853.234375 -14.517920 76.662323 129.680267
-1822617.125000 -1415932.375000 -499.757507 -401.012115 196.819427
316.164307 72154.828125 1.079117 -0.070374 104.413330
1917312.500000 1576368.125000 511.381622 407.920502 193.104141
-71640.328125 -10809.224609 -0.137607 1.053004 112.736923
-40747.503906 -84789.781250 -0.433703 -11.182356 141.326782
-62374.226562 -37741.511719 -0.628891 0.839532 157.629211
63210.535156 -36022.167969 -0.542376 -0.913572 129.101944
-42591.953125 -31960.437500 -1.248511 13.578840 128.695908
72814.843750 -12274.236328 -0.215456 -8.134645 103.100006
72849.734375 7085.896484 -0.088771 2.687700 192.728592
69474.828125 -23100.468750 -0.332370 -1.003137 108.838074
-31955.287109 -65904.062500 -0.944588 0.490668 128.109406
72645.265625 -10315.709961 -0.083213 -1.053013 154.050980
60948.898438 41023.718750 0.577718 -0.886025 173.252945
16093.001953 -71742.414062 -1.057739 -0.193995 126.646370
-68848.054688 -26367.992188 -0.379274 0.961065 192.872574
22495.291016 -70344.718750 -1.000348 -0.330143 152.537399
-24903.042969 -69643.492188 -1.062225 0.335697 145.321152
44275.363281 -59355.007812 -0.857915 -0.683616 111.712624
-25484.912109 69539.460938 1.005942 0.355976 112.901329
-10488.741211 -73322.359375 -1.048885 0.204960 113.894234
47304.011719 57108.488281 16.437502 -9.864745 109.804024
-62806.171875 -39630.863281 -0.579939 1.053912 178.628647
56070.339844 49207.722656 0.731683 -0.760761 177.404785
70658.335938 24121.677734 0.351195 -0.960504 187.806732
-68448.093750 -29923.714844 -0.436036 0.998796 167.330063
-51418.933594 54254.128906 0.768109 0.695597 124.132431
-72882.210938 17604.222656 0.222398 1.055209 105.052528
-64253.000000 -38233.214844 -0.386673 0.901568 175.604568
-49576.132812 -56370.347656 -0.775099 0.695471 161.824402
11057.573242 -74340.250000 -1.043874 -0.138803 193.392258
11995.729492 78651.820312 -9.240278 5.781618 167.127594
42973.859375 61876.222656 0.853916 -0.612216 187.443756
42817.699219 -62267.878906 -0.803705 -0.583997 147.444839
78995.898438 -81990.843750 22.289688 -4.922766 159.867798
-26617.837891 -70717.328125 -0.924447 0.429924 166.039398
59575.863281 46817.304688 0.625754 -0.821533 123.588852
74648.812500 -13327.583984 -0.223468 -1.014616 161.618103
72993.335938 -21026.419922 -0.304344 -0.994406 108.823051
69162.398438 31576.326172 0.424340 -0.986095 168.303711
-32275.988281 69009.796875 0.935207 0.437807 132.788666
-37741.113281 -66458.140625 -1.254695 0.596781 111.115974
-39486.648438 -58753.183594 -29.324739 5.213263 131.395081
-17007.666016 -74549.531250 -1.033048 0.242320 147.676926
-76479.781250 -1139.924805 0.043039 1.049448 133.214462
74598.382812 -17493.257812 -0.267957 -1.005630 114.654053
-38346.160156 -66344.281250 -0.676288 0.518331 184.868271
-67176.320312 37422.769531 0.503118 0.916088 196.394516
69195.531250 -33715.765625 -0.472866 -0.953283 194.553925
72345.921875 26356.097656 0.313530 -1.019373 191.059143
57238.839844 51607.140625 0.672220 -0.833516 198.811462
44916.113281 -62723.730469 -0.912457 -0.566567 131.705154
-74555.585938 20994.390625 0.256989 0.978333 199.544220
-75375.421875 -18152.033203 -0.253228 0.989132 180.957306
15596.479492 76243.414062 1.029888 -0.064828 153.349213
-72520.992188 -27790.183594 -0.333741 0.940305 104.526657
51610.980469 58202.320312 0.790200 -0.708077 101.819717
-36225.492188 68961.843750 0.937720 0.488232 169.360809
-60795.539062 -48808.906250 -0.645001 0.826124 112.202492
-70315.656250 -33850.148438 -0.437917 0.971330 105.949310
50960.035156 -59330.917969 -0.803608 -0.704985 112.425674
-7983.470703 77848.335938 1.023942 0.078392 125.023849
77818.531250 -8518.318359 -0.166123 -1.030701 110.871422
34876.062500 70243.125000 0.920521 -0.491551 157.412140
-23368.216797 -75117.492188 -1.019527 0.279367 112.090858
-55472.667969 55714.371094 0.731293 0.682305 134.775360
62352.851562 -48273.066406 -0.617796 -0.848325 191.505051
-57528.625000 53927.003906 0.761431 0.786420 105.868767
29523.765625 -76924.187500 -1.195980 -6.706033 139.484619
45612.265625 64661.671875 0.785420 -0.538781 101.175674
-78599.484375 9560.184570 0.132586 1.052820 159.245621
55269.976562 56806.214844 0.732605 -0.735865 146.483124
9228.587891 -78853.421875 -1.017476 -0.122548 174.004166
15005.342773 77975.132812 1.050012 -0.272508 173.203812
22779.296875 76684.273438 1.167644 -0.165914 191.758987
7742.729492 79333.945312 1.050864 -0.098298 162.884155
-16359.762695 78144.468750 0.983863 0.223166 101.233353
78902.921875 12310.679688 0.142434 -1.021150 191.674850
60990.859375 -51754.429688 -0.668976 -0.773379 130.603180
29786.167969 -69695.742188 -0.679722 7.497948 112.572250
50632.769531 -62082.914062 -0.808832 -0.605465 128.641205
44367.847656 66912.820312 0.882254 -0.591273 177.621521
-74050.234375 -31061.509766 -0.354891 0.969694 191.218353
-77418.500000 -21869.373047 -0.261298 0.999516 168.975922
-49298.796875 -63850.437500 -0.824253 0.592080 191.851532
66726.078125 45350.468750 0.543922 -0.813028 113.194389
-78105.851562 20496.455078 0.276302 0.946813 137.531158
59619.074219 -54627.578125 -0.682310 -0.709257 166.681534
-25057.966797 -76930.648438 -0.926619 0.343631 170.006363
-79697.484375 -14977.002930 -0.177031 0.976407 159.708115
77382.789062 -24431.193359 -0.328591 -0.958364 141.736115
42816.863281 -69083.171875 -0.856108 -0.520610 128.516006
-79475.578125 17568.074219 0.221653 0.999678 145.071671
36605.535156 -72819.023438 -0.919190 -0.463245 102.274513
65668.875000 48390.968750 0.596369 -0.839266 157.536682
81582.062500 3393.122070 0.010041 -1.005276 122.949036
72584.953125 -37623.378906 -0.480512 -0.885222 133.286942
4486.563477 -81794.593750 -0.942591 -0.061704 180.055435
65926.031250 -48673.164062 -0.642655 -0.819979 169.123306
41575.195312 70712.265625 0.878156 -0.550321 139.975174
-16558.085938 -80530.054688 -1.036964 0.214123 193.786697
78699.015625 24479.341797 0.281337 -1.106790 189.803513
-19496.816406 80035.484375 0.979792 0.230504 174.508743
16070.177734 80780.734375 0.998442 -0.269559 121.906525
75154.757812 34325.320312 0.441597 -0.935659 105.200699
78641.015625 24662.968750 0.288964 -0.685780 116.150253
-68875.507812 46106.839844 0.529880 0.834265 117.639343
-74891.648438 35589.160156 0.424211 0.911313 110.901314
47413.726562 67996.468750 0.779715 -0.596987 187.611038
-82258.015625 13888.452148 -0.012736 1.013910 178.371689
-1648.191406 119583.812500 -7.399547 14.769794 195.755493
8292.689453 82829.710938 1.086636 -0.129211 168.403687
-21734.744141 -80429.203125 -0.964598 0.294350 173.937790
23493.908203 80244.210938 1.032763 -0.241365 103.576157
-13958.584961 82381.000000 0.981736 0.149887 126.294708
-73838.601562 -39313.664062 -0.448853 0.903316 133.944977
49377.437500 26571.304688 12.444693 -21.456371 139.721329
-50651.156250 -66813.000000 -0.813156 0.653701 181.154953
11956.410156 -83160.445312 -1.039629 -0.156698 124.927353
-25400.375000 80259.937500 0.987095 0.336895 141.044907
6598.773438 -83839.500000 -0.968276 -0.022350 189.215744
59792.144531 59323.156250 0.686948 -0.732662 111.175949
9989.209961 83708.937500 0.970098 -0.181935 135.441544
-79127.664062 -29508.425781 -0.320350 0.945150 107.084206
77492.578125 -33859.101562 -0.416315 -0.920899 128.378448
-83218.421875 13829.855469 0.376720 1.029589 156.860947
31158.753906 78868.500000 0.890803 -0.355954 115.480736
84519.867188 7876.249023 0.086453 -1.001894 137.524750
-18337.058594 -82859.914062 -0.962169 0.290787 103.048439
25846.947266 81065.429688 0.761702 -0.233170 181.175079
-53305.316406 -66340.085938 -0.713042 0.632010 111.879868
9713.289062 -84595.265625 -1.006051 -0.041049 188.949478
-56892.238281 -63696.011719 -0.720376 0.644581 102.187431
-83405.046875 -18767.957031 -0.208520 0.976487 126.102463
-26680.074219 -81225.093750 -0.915583 0.346933 182.601105
24892.011719 81731.320312 1.049326 -0.456589 176.884048
67957.796875 52283.691406 0.585143 -0.808991 125.101562
34848.613281 -78456.437500 -0.910677 -0.388056 144.892975
15120.025391 -84560.078125 -1.016091 -0.136902 147.159607
50109.402344 69820.398438 0.740170 -0.616475 119.512497
-74181.460938 43873.066406 0.509532 0.861732 140.323334
21976.173828 -83410.609375 -0.953274 -0.240256 105.347595
-85537.890625 -11777.748047 -0.109601 0.944685 182.988998
-38340.609375 77523.171875 0.895960 0.440420 147.185318
-72592.101562 47120.417969 0.538468 0.791342 101.512726
80355.632812 33154.449219 0.472055 -0.856119 172.265915
59569.089844 -63101.988281 -0.714347 -0.664492 193.389877
81746.468750 29322.085938 0.289861 -0.889944 104.605934
-10259.967773 86343.539062 0.979112 0.093589 187.069031
-24240.603516 83618.273438 0.938663 0.251411 165.706512
-81034.804688 32280.146484 0.352787 0.917231 181.563309
-85967.828125 14250.635742 0.249459 0.990925 123.855133
-85741.500000 -16531.529297 -0.138774 0.947874 103.757942
50290.183594 -71657.875000 -0.767994 -0.592601 156.713272
87382.078125 -5205.816895 -0.073183 -0.968907 189.805344
71809.656250 -50354.210938 -0.556714 -0.795392 131.412582
80375.742188 35371.226562 0.417692 -0.951766 138.395935
-38427.734375 -79026.562500 -0.866507 0.443098 126.236153
6443.349609 -87562.335938 -0.946338 0.035148 132.457977
85172.523438 22275.617188 0.220328 -0.950208 160.109848
-15272.950195 -86773.593750 -0.970020 0.210429 190.366867
-85242.460938 23005.593750 0.253109 0.927963 135.108871
87397.507812 13025.460938 0.127899 -0.972460 183.285370
81800.210938 33055.675781 0.187014 -0.868261 137.083755
67140.585938 57760.398438 0.627447 -0.757708 122.606514
67505.117188 -57482.109375 -0.641099 -0.729463 122.454742
-73043.460938 -50748.636719 -0.642772 0.787716 113.512482
-53122.644531 71305.328125 0.770173 0.578965 120.881310
88032.812500 -12628.103516 -0.153639 -0.929860 189.454178
-5744.598145 88888.929688 0.979742 0.045338 166.390717
-56213.929688 69215.046875 0.776806 0.625458 171.203415
-29992.160156 -84026.851562 -0.870606 0.364995 144.215591
80833.726562 37967.820312 0.403346 -0.966478 190.774857
89176.078125 6478.335938 0.045018 -1.095140 193.870193
53003.921875 -72145.921875 -0.850293 -0.596396 100.686920
90130.445312 3200.716797 0.433041 -0.807522 112.737762
-86650.671875 -24003.218750 -0.290539 0.859605 102.288643
-49635.656250 74986.304688 0.795979 0.539605 162.729446
-148302.531250 -18841.953125 -43.306042 -25.914383 198.666092
31217.550781 84445.304688 0.881524 -0.355800 197.167618
39780.226562 -80915.773438 -0.875286 -0.410302 123.940559
29279.404297 -85552.992188 -0.339008 0.137794 160.548203
-320373.625000 -63446.851562 -82.670700 -0.224378 130.845673
29202.679688 -85665.171875 -1.458539 -0.870032 138.590942
21659.964844 87862.929688 0.940569 -0.277306 140.497253
51496.789062 -74564.992188 -0.798120 -0.504681 126.369972
191975.265625 -57632.730469 83.407524 1.663538 127.621658
-75067.500000 -51085.160156 -0.488610 0.806800 182.648254
12434.734375 80374.976562 73.656120 46.249222 117.685913
90502.218750 3324.227539 -0.326191 -1.026422 165.192612
-2961.123535 91035.023438 0.933931 -0.031556 185.278198
86108.406250 -30316.007812 -0.325987 -0.912975 168.309540
-87630.984375 -25729.462891 -0.245153 0.959283 149.395508
79185.187500 46017.351562 0.511793 -0.786685 111.821465
-66544.507812 -62018.839844 -2.347852 3.033507 192.671173
-28524.171875 87122.328125 0.951238 0.293608 114.551163
91625.750000 -2518.919678 -0.089678 -0.959904 199.916153
-37983.597656 83727.125000 0.844729 0.407316 162.278625
-59544.363281 -72010.265625 1.926828 -3.062232 122.519913
76856.789062 -50792.800781 -0.529276 -0.824347 170.094177
-82820.804688 40552.167969 0.375494 0.838268 171.392151
-87245.679688 -30051.216797 -0.303358 0.937921 197.617233
91971.289062 -7670.398926 -0.126516 -0.926842 192.985016
32158.373047 -87417.000000 0.056492 -0.290334 148.270355
90673.093750 18428.685547 0.159458 -0.953877 157.343445
-91883.726562 -11812.290039 -0.085383 0.930294 120.891212
-20394.435547 90478.898438 0.908582 0.174913 151.651398
66156.382812 -65160.292969 -0.675676 -0.662339 151.912674
-57268.039062 -73257.789062 -0.758329 0.603370 184.404449
85350.148438 36819.625000 0.316099 -0.893529 147.792862
-48704.835938 79405.914062 0.812627 0.467045 139.245499
-25152.343750 89775.726562 0.922844 0.218467 182.702942
-3953.218994 -93238.343750 -0.914194 0.075727 138.713364
-35263.484375 86550.828125 0.865894 0.327585 138.122467
32113.777344 -87365.617188 -2.164635 -0.406708 119.521179
-88436.453125 30883.855469 0.322838 0.900599 123.406769
80378.234375 48305.328125 0.501673 -0.842587 176.149200
-54350.042969 76483.812500 0.800404 0.527253 105.370148
48177.296875 -80692.187500 -0.806907 -0.462088 193.717865
92870.187500 14401.029297 0.086873 -0.934879 158.878250
84861.656250 -41364.417969 -0.248212 -0.291518 166.043945
31911.871094 -87899.257812 -0.935046 -0.112366 100.493118
-71359.242188 -61702.074219 -0.590550 0.711759 130.535324
77888.437500 -53352.367188 -0.548946 -0.723253 105.566048
11193.045898 -93851.773438 -0.936129 -0.066705 137.406769
51802.089844 -79207.085938 -0.822608 -0.492951 118.728645
-86437.578125 39058.621094 0.372931 0.852042 164.082855
-91625.812500 -24430.484375 -0.198979 0.897046 173.385544
-94938.007812 3278.398682 0.047631 0.946258 108.915329
85088.914062 -43289.464844 -0.144753 -1.166620 193.192139
-679.993469 -95062.992188 -0.952791 0.072528 196.310150
-77093.476562 56394.421875 0.518782 0.856640 189.661499
-87977.960938 36746.945312 0.403281 0.912809 170.863434
58889.058594 -75103.828125 -0.764071 -0.569144 132.900940
-93926.500000 17802.125000 0.144191 0.867254 124.044403
-39803.332031 86918.867188 0.890811 0.350127 101.637245
85199.031250 -42340.550781 -0.904609 -0.997642 186.570694
-80499.343750 -52017.140625 -0.479600 0.786955 130.496140
34183.300781 89623.085938 0.859851 -0.357731 185.326263
-70517.437500 65230.968750 0.636637 0.675570 135.465500
11533.591797 95490.335938 0.977225 -0.110249 128.706726
82455.984375 49316.496094 0.388725 -0.848580 104.295418
-46966.984375 179528.921875 -13.383572 24.005625 144.934525
-93596.500000 23195.640625 0.249857 0.887835 189.337418
91552.890625 30568.662109 0.262392 -0.884903 175.626541
45463.089844 -85260.835938 -0.823975 -0.400035 123.323105
48337.015625 19302.345703 14.206288 -22.394678 155.833862
-77481.328125 57775.664062 0.605024 0.590070 149.308014
-62492.675781 -74093.968750 -0.690102 0.622228 109.115730
36338.667969 -89924.742188 -0.906360 -0.307433 128.974854
91830.679688 -31752.632812 -0.333272 -0.879399 167.763626
96396.617188 -12419.667969 -0.158591 -0.898189 191.526001
-17826.095703 -95776.976562 -0.950455 0.153074 100.755089
24803.126953 -94278.734375 -0.904263 -0.231542 125.986214
78277.781250 58260.832031 0.559920 -0.767531 172.785431
-88041.031250 42294.992188 0.412702 0.842020 178.559494
-70693.078125 -67504.664062 -0.616246 0.687864 162.037064
71668.125000 66673.187500 0.621689 -0.671208 187.300980
-96597.718750 17517.960938 -0.325101 -0.046141 127.736801
44156.671875 87643.304688 0.820488 -0.403229 192.259842
48183.250000 85580.718750 0.787832 -0.429508 174.062256
28550.996094 94093.492188 1.294135 -0.334373 169.454178
-37005.964844 -91129.039062 -0.840368 0.365256 168.097107
89768.304688 40316.089844 0.338319 -0.862694 140.854492
28839.748047 94058.671875 0.321476 -0.266419 120.627258
-89467.593750 -41598.316406 -0.384349 0.853897 131.459839
182160.875000 436489.125000 133.965347 207.666367 174.989441
84914.812500 -50578.128906 -0.498856 -0.775571 137.786804
-88233.531250 44671.894531 0.428339 0.719161 150.348022
15248.208008 97847.109375 0.891753 -0.179548 197.999405
-28932.216797 -94848.804688 -0.873282 0.290853 116.206413
81638.554688 56417.464844 0.490269 -0.765186 133.675797
-417151.906250 -488389.906250 -151.493011 -232.901993 154.702972
54732.203125 83051.453125 0.741316 -0.504119 124.222458
-95514.656250 -27920.365234 -0.217842 0.900370 131.571686
-19200.341797 -97711.265625 -0.877744 0.237384 152.377182
-99388.554688 -8419.859375 -0.044983 0.912352 109.962074
42033.343750 90689.289062 0.849226 -0.353324 160.160202
70476.820312 70889.343750 0.650943 -0.677485 152.279617
99852.328125 -4821.040527 -0.103363 -0.915927 195.436005
-80898.539062 -59081.542969 -0.528242 0.749201 118.604263
82051.117188 -57561.324219 -0.545142 -0.731888 189.547974
75703.953125 -65895.125000 -0.614008 -0.681892 199.793182
-17709.699219 98895.796875 0.912471 0.138126 150.094940
71632.929688 -70569.164062 -0.645810 -0.625582 166.439484
24387.384766 -97588.054688 -0.890696 -0.167831 121.612228
-96155.695312 30040.343750 0.302326 0.859091 194.172684
-100598.679688 4754.365234 0.110681 0.875423 146.157898
98289.156250 23001.660156 0.172846 -0.893705 164.868851
-93871.015625 -37393.480469 -0.314383 0.856417 178.042358
2180.496338 101029.078125 0.915308 -0.069660 177.938263
-12322.235352 100494.929688 0.905502 0.080369 138.618805
53758.371094 -85917.562500 -0.783665 -0.450798 129.538177
-59041.375000 -82516.414062 -0.736710 0.546009 118.793495
18375.951172 -99852.890625 -0.886822 -0.132594 147.239227
-92069.609375 42875.058594 0.450974 0.810917 135.502640
42141.843750 92350.359375 0.816574 -0.526939 115.043571
-99427.226562 -22032.767578 -0.161587 0.880418 160.851471
-86190.890625 54448.253906 0.500441 0.753017 110.713135
6112.098633 101791.515625 0.882532 -0.099844 114.976593
-4067.836426 102033.804688 0.917283 -0.013153 171.641251
50377.671875 88911.468750 0.751156 -0.482746 196.913513
